0: 20 115 176 192
1: 55 81 109 135
2: 46 150
3: 23 96
4: 10
5: 44 117 134 148 172
6: 30 53 81 84 156 195
7: 8 106 166 184
8: 7 37 44 50 68 76 111 119 154 159
9: 90 105 145 171 184 189
10: 42 66 68 176 4
11: 123 133 196
12: 27 55 117 124
13: 71 92 107 170 177 182 189
14: 28 50 181
15: 48 110 138 181
16: 74 75
17: 70 147
18: 28 58 70 76 86 91 195
19: 43 85 91 114 167
20: 0
21: 71 133 178
22: 37 130 132 184
23: 3 31 33 37 58 188
24: 83 91 93 103 105 182
25: 31 48 125 168
26: 121 163
27: 12 190
28: 14 18 119 126 127 131 145 197
29: 116 119 125
30: 6 52 77 87 103 119 188
31: 23 25 77 125 152 185
32: 65 80 102 112
33: 23 40 48 115 138
34: 53 79 123 144 176 191 120
35: 79 137 183
36: 140
37: 8 22 23 185
38: 49 129 133 141 170 176
39: 67 72 107 131
40: 33 144 175
41: 78 84 98 104
42: 10 125 140 162 181
43: 19 51 87 134 174
44: 5 8 72 74 84 90 96 140 198
45: 118 143 169 176
46: 2 105 168 177 199
47: 65 171
48: 15 25 33 71 96 112 137
49: 38 71 107 133 188
50: 8 14 77 102 163
51: 43 143 156
52: 30 59
53: 6 34 84 106 180
54: 69 88 101 105 164 182 190
55: 1 12
56: 136
57: 116
58: 18 23 75 83
59: 52 137 194
60: 62 99
61: 129 169
62: 60 73 134
63: 148
64: 117
65: 32 47 89 111 142 154
66: 10 188 199
67: 39 94 157
68: 8 10 179
69: 54 127
70: 17 18 77 82
71: 13 21 48 49 90
72: 39 44 81 148 167
73: 62 130 189
74: 16 44 121 197
75: 16 58 83
76: 8 18 112 135
77: 30 31 50 70 86
78: 41 93 151 196
79: 34 35 143 162
80: 32 159 187
81: 1 6 72 148 162 181
82: 70 116 118 157
83: 24 58 75 104 111 144
84: 6 41 44 53 141
85: 19 87 116 130 143
86: 18 77 193
87: 30 43 85 138 149 168
88: 54 102 138 145 176
89: 65 183 100
90: 9 44 71 104 121 131 197 199
91: 18 19 24 113 139 149
92: 13 158
93: 24 78 142 171
94: 67 104 154 157 170
95: 107 197
96: 3 44 48
97: 111 156 157 170 184
98: 41 115
99: 60 109 134
100: 89
101: 54 137 147 169 179
102: 32 50 88 174
103: 24 30
104: 41 83 90 94 114 190
105: 9 24 46 54 127 160 173
106: 7 53 141 171
107: 13 39 49 95 135 188
108: 188
109: 1 99
110: 15 134 152 163
111: 8 65 83 97 136 165
112: 32 48 76 125 148 183
113: 91 134 179
114: 19 104 184
115: 0 33 98 145 185
116: 29 57 82 85 164
117: 5 12 145 64
118: 45 82 132 168 194
119: 8 28 29 30 128 144 166 188 189
120: 34
121: 26 74 90 124 128
122: 135 170
123: 11 34 154 157
124: 12 121
125: 25 29 31 42 112 154 171
126: 28 128 131 138 175 199
127: 28 69 105 170 181 197
128: 119 121 126
129: 38 61 196
130: 22 73 85 168 199
131: 28 39 90 126 137
132: 22 118 144 154
133: 11 21 38 49 135 164 171
134: 5 43 62 99 110 113 141 153 155
135: 1 76 107 122 133 195
136: 56 111
137: 35 48 59 101 131 158 167
138: 15 33 87 88 126
139: 91 182
140: 36 42 44 176
141: 38 84 106 134
142: 65 93 196
143: 45 51 79 85 196
144: 34 40 83 119 132 149 153 179
145: 9 28 88 115 117
146: 161 167 169
147: 17 101 150 158 191 197 198
148: 5 72 81 112 197 63
149: 87 91 144
150: 2 147
151: 78 157
152: 31 110 167 175 184
153: 134 144 156 177 193
154: 8 65 94 123 125 132
155: 134 168 178
156: 6 51 97 153 187
157: 67 82 94 97 123 151
158: 92 137 147
159: 8 80
160: 105 174 199
161: 146 197
162: 42 79 81
163: 26 50 110
164: 54 116 133
165: 111 169
166: 7 119 188
167: 19 72 137 146 152 168
168: 25 46 87 118 130 155 167
169: 45 61 101 146 165
170: 13 38 94 97 122 127
171: 9 47 93 106 125 133
172: 5 183
173: 105
174: 43 102 160
175: 40 126 152
176: 0 10 34 38 45 88 140 190
177: 13 46 153 190
178: 21 155
179: 68 101 113 144
180: 53
181: 14 15 42 81 127
182: 13 24 54 139
183: 35 89 112 172
184: 7 9 22 97 114 152
185: 31 37 115
186: 195
187: 80 156
188: 23 30 49 66 107 119 166 108
189: 9 13 73 119
190: 27 54 104 176 177
191: 34 147
192: 0 196
193: 86 153
194: 59 118
195: 6 18 135 186
196: 11 78 129 142 143 192
197: 28 74 90 95 127 147 148 161
198: 44 147
199: 46 66 90 126 130 160
