0: 1 5 12 17 21 25 29 31 66 86 95 116 149 172 208 288 389 435 484 494 517 522 555 625 670 689 769 825 868 939 958
1: 0 2 8 45 48 56 57 62 70 74 76 86 93 141 154 284 335 338 391 427 498 612 928
2: 1 3 59 76 137 148 260 309 434 568 639 962
3: 2 4 6 7 10 15 20 22 29 39 41 46 50 60 65 69 93 95 120 143 153 154 158 183 190 195 201 210 237 265 271 275 295 297 311 315 317 318 347 351 363 405 446 470 492 497 536 564 583 627 672 674 678 680 684 742 749 756 783 807 810 828 849 910 936 970 977 985
4: 3 5 29 33 82 97 106 155 202 272 321 369 376 547 681 898
5: 4 0 13 67 511 597 815
6: 3 54 58 94 184 309
7: 3 9 10 11 17 19 26 67 119 156 166 184 209 218 327 368 378 382 411 440 457 464 496 499 561 584 617 699 741 853 862 873 886 901 942 948 965
8: 1 31 186 754
9: 7 10 12 65 115 121 185 217 229 353 425 450 452 501 505 512 513 675 679 712 752 771 829 833 991
10: 3 7 9 11 16 17 21 22 23 24 29 36 39 66 89 94 114 115 131 132 140 160 179 249 313 324 327 338 378 413 422 466 595 605 752 758 778 786 805 856 864 968 990
11: 7 10 30 32 92 109 158 207 223 286 440 509 672 771
12: 0 9 14 15 21 23 27 30 31 32 52 56 57 58 59 64 72 76 103 104 134 136 156 160 177 194 200 203 207 210 223 237 242 255 278 290 309 318 432 676 740 800 804 844 928 952 961 981
13: 5 36 59 113 240 303 442 484 516 701 785 947 961
14: 12 17 20 28 53 68 155 164 272 447 894 906
15: 3 12 16 18 44 75 76 112 128 132 141 169 225 293 300 334 449 496 513 575 791 943
16: 10 15 31 317 359 980
17: 0 7 10 14 18 35 36 42 72 91 102 149 172 183 192 213 227 230 242 264 266 313 509 518 532 610 631 726 729 832 860
18: 15 17 51 145 169 186 240 260 321 325 429 431 465 534 568 600 614 626 669 681 795 805 809 861 992
19: 7 26 27 32 34 36 38 45 46 59 62 87 122 133 176 212 227 251 279 453 500 530 576 579 581 673 727 761 773 813 911 978
20: 3 14 87 129 434 642 994
21: 0 10 12 27 142 205 220 236 239 269 327 346 443 887
22: 3 10 31 87 146 159 165 228 243 500 502 577 740 975
23: 10 12 24 54 55 73 135 208 242 290 350 366 411 543 666 743 913
24: 10 23 83 136 157 256 370 468 493 839 900
25: 0 192 290 312 315 444
26: 7 19 27 39 69 85 92 111 123 136 193 195 270 273 304 319 378 449 457 536 546 691 715 734 925 986 997
27: 12 19 21 26 40 43 49 78 98 104 164 277 286 622 646 690 896
28: 14 127 920
29: 0 3 4 10 49 64 69 79 189 198 200 210 280 292 317 339 343 396 403 467 496 544 548 624 699 849 865 883 892 931 995
30: 11 12 65 383 447 525 591 758 778 956
31: 0 8 12 16 22 47 50 52 53 164 185 216 443 478 489 505 611 624 790 944 969
32: 11 12 19 94 326 440
33: 4 37 90 360 436 795 863
34: 19 41 79 117 181 215 317 430 530 934
35: 17 845
36: 10 13 17 19 927
37: 33
38: 19
39: 3 10 26 101 209 301 712 719
40: 27 81 104 116 380 568
41: 3 34 389 816 854
42: 17 69 97 342 747
43: 27 76 133 205 532 787
44: 15 71 128 254 273 707 728 839 895
45: 1 19 49 107 180 244 282 322 365 433 545 607 737
46: 3 19 61 424 520 568 648 687
47: 31 869
48: 1 168 293 315 367 967
49: 27 29 45 50 73 96 100 118 124 126 134 135 186 197 260 284 299 452 535 551 612 696 807 923 934
50: 3 31 49 58 80 152 426 428 451 510 513 546 666 745
51: 18 64 604 971
52: 12 31 66 74 122 225 364 427 515 601 836 846 850 915
53: 14 31 192 235 341 370 690 693 943
54: 6 23
55: 23 210 661 831
56: 1 12 84 151 189 245 389 437 455 544 780 834 898
57: 1 12 416 556 658 766
58: 6 12 50 82 83 139 189 240 291 313 465 593 633 635 673 679 717 820 945
59: 2 12 13 19 61 63 73 76 77 88 131 133 141 144 151 162 170 194 203 220 236 265 276 337 353 430 433 441 531 535 588 743 776 872 988
60: 3 65 300
61: 46 59 130 271 312 413 465 555 591
62: 1 19 121 125 227 333 499 513 827
63: 59 154
64: 12 29 51 79 113 126 140 169 184 334 414 476 478 569 594 630
65: 3 9 30 60 70 92 95 123 133 134 360 453 464 484 506 607 962
66: 0 10 52 83 86 99 146 160 246 247 406 426 652 715 731 794 803 954
67: 5 7 80 86 120 206 218 257 292 294 299 322 371 378 410 459 464 511 545 561 710 780 838 946 952 989
68: 14 82 150 336 387 694 712 840 970 977
69: 3 26 29 42 104 105 152 277 315 505 578 788 859 981
70: 1 65
71: 44 93 115 171 182 189 260 764 781
72: 12 17 87 118 173 176 325 339 361 465 513 611 688 711 768 838
73: 23 49 59 99 107 118 154 175 223 449 693 768 889
74: 1 52 81 160 248 313 337 388 483 531 625 726
75: 15 190 219 362 491 523 565
76: 1 2 12 15 43 59 96 108 117 169 241 244 401 471 509 875 886 948
77: 59 133
78: 27 82 199 283 610 664 689
79: 29 34 64 101 175 370 391 467 475 541 920 995
80: 50 67 146 272 287 842
81: 40 74 140 262 423 693 819 984
82: 4 58 68 78 92 127 178 220 279 304 305 310 338 341 360 375 389 398 442 482 507 521 635 763 782 793 855 881 935 946 976
83: 24 58 66 102 207 533 544
84: 56
85: 26 187
86: 0 1 66 67 159 273 409 421 586 701 767
87: 19 20 22 72 113 121 645 806 914
88: 59 106 203
89: 10
90: 33 320 663
91: 17 445
92: 11 26 65 82 184 250 298 366 401 438 511 528 550 629 689 697 993
93: 1 3 71 112 131 161 213 371 475 623 648 774 815
94: 6 10 32 169 320 493 557
95: 0 3 65 558 725 796 830
96: 49 76 147 218 355 414 553 741
97: 4 42 175 305 388 581 685
98: 27 265
99: 66 73 254 442 829
100: 49
101: 39 79 158 481
102: 17 83 128 454
103: 12 117 469 587 633
104: 12 27 40 69 131 136 498 526 564 730 935 968
105: 69 110 140 183 224 229 296 317 563 619 685 865
106: 4 88 223
107: 45 73 120 138 210 225 331 383 390 571 574 618 648 660
108: 76 310
109: 11 133 310 386 492 649 958 962
110: 105 609
111: 26 124 131 149 214 248 258 533 674 714 774
112: 15 93 183 757
113: 13 64 87 381
114: 10
115: 9 10 71 325 527 916
116: 0 40 182 387 890 982
117: 34 76 103 285 290 568 569 735 798 828
118: 49 72 73 130 165 294 519 687 787 910
119: 7 417
120: 3 67 107 273 275 547
121: 9 62 87 128 435 477 817
122: 19 52 211 352 562 657 962
123: 26 65 126 154 164 233 253 299 303 339 356 988
124: 49 111 267 379 775
125: 62 805
126: 49 64 123 566 584 929
127: 28 82 387 514 761
128: 15 44 102 121 139 479 495 506 549 674 899
129: 20
130: 61 118
131: 10 59 93 104 111 460 587
132: 10 15 312 385
133: 19 43 59 65 77 109 213 216 395 627 671 765 906 918 976 986
134: 12 49 65 216 292 378 881 888
135: 23 49 174 210 248 420 455 584 642 824
136: 12 24 26 104 164 191 204 207 576 596 601 670 805 814 985
137: 2 163 256 316 560 829 915
138: 107 149 164 193 226 370
139: 58 128 791
140: 10 64 81 105 231 235 307 450 491 564 774 867
141: 1 15 59 158 202 222 650 679 812 979
142: 21 319 558
143: 3
144: 59
145: 18 331 582 974
146: 22 66 80 148 727
147: 96
148: 2 146 232 530
149: 0 17 111 138 274 487 539 730 873 909
150: 68
151: 56 59 167 203 228 267 297 324 665 756 757
152: 50 69 527 655
153: 3
154: 1 3 63 73 123 290 300 455 513 573 628 716
155: 4 14 216 235 669 694 762 919
156: 7 12 411 498 543
157: 24
158: 3 11 101 141 203 352 364 372 420 549 777 870
159: 22 86 562
160: 10 12 66 74 173 212 246 311 480 515 542 564 580 758
161: 93
162: 59
163: 137 176 450 639 769
164: 14 27 31 123 136 138 166 198 204 245 267 298 340 363 369 377 508 530 557 592 612 768 880 885 940 965 970 972
165: 22 118 361 586
166: 7 164 616 859
167: 151
168: 48 287
169: 15 18 64 76 94 196 218 277 317 318 349 359 821 832 854 891
170: 59
171: 71 862
172: 0 17 190 193 224 254 281 285 299 331 355 372 402 410 568 641 702 703 729 746 768 855 945
173: 72 160 306 330
174: 135 243
175: 73 79 97 234 238 252 263 722 781 803 840
176: 19 72 163 195 289 331 341 504 523 797
177: 12 677
178: 82 407 452 632 667 688 932
179: 10 317 338 674 794
180: 45 216 266
181: 34 669 772 898
182: 71 116 260 343 594 634 756
183: 3 17 105 112 348 950
184: 6 7 64 92 224 242 276 335 485 874
185: 9 31 418 488 618 809
186: 8 18 49 188 216 302 305
187: 85
188: 186 542
189: 29 56 58 71 192 250 306 328 374 516 536
190: 3 75 172 433
191: 136 326 813
192: 17 25 53 189 282 284 328 373 399 449 502 554 797
193: 26 138 172 308 412 526
194: 12 59 310 311 442 491 930
195: 3 26 176 348
196: 169 320
197: 49
198: 29 164 489
199: 78 245 344
200: 12 29 297 542
201: 3 245 437 445 643 858
202: 4 141 205 211 475 503 589 902
203: 12 59 88 151 158 330 419 502 529 589 769 889
204: 136 164
205: 21 43 202 236 270 572 648 718 734
206: 67 211 295 362 402 417
207: 11 12 83 136 226 391 392 450 681 747 764 809 815 851 879 886 922
208: 0 23 907 921
209: 7 39 298
210: 3 12 29 55 107 135
211: 122 202 206 477
212: 19 160 639
213: 17 93 133 429
214: 111
215: 34 226 255 345
216: 31 133 134 155 180 186 221 252 277 284 423 546 552 569 594 602 674 739 773 792 817 895 985 995
217: 9 222 388 532
218: 7 67 96 169 241 268 489 555
219: 75 288 459 714
220: 21 59 82 830
221: 216 272 668
222: 141 217
223: 11 12 73 106 236 763
224: 105 172 184 542 976
225: 15 52 107
226: 138 207 215
227: 17 19 62 259 360 379 413 474 489 639 799 871
228: 22 151
229: 9 105
230: 17 261 454 730 838 948
231: 140
232: 148 339 399 793 966
233: 123 649
234: 175
235: 53 140 155 323 636 640 668 682 884
236: 21 59 205 223 295 329 443 465 472 473 490 566 581 657 750 774 980
237: 3 12 363
238: 175 257 624 760
239: 21
240: 13 18 58 314 358 384 713 815
241: 76 218 340 387 884
242: 12 17 23 184 415
243: 22 174 271 279 291 394
244: 45 76 402 432 661 760 835
245: 56 164 199 201
246: 66 160 332
247: 66
248: 74 111 135 307 442 599
249: 10 807
250: 92 189 401 608 837
251: 19
252: 175 216 330
253: 123 255 888 889 927
254: 44 99 172 628 770 822
255: 12 215 253 911
256: 24 137 601 945
257: 67 238 284 325 442 668
258: 111 265
259: 227 995
260: 2 18 49 71 182 347 400 433 440 537 555 621 659 686 712 722 765 814 854
261: 230 470
262: 81 288
263: 175
264: 17
265: 3 59 98 258 300 409 747 871 908
266: 17 180 410 594
267: 124 151 164
268: 218 357 722 984
269: 21
270: 26 205 410
271: 3 61 243
272: 4 14 80 221 274 347 578 847 895 969
273: 26 44 86 120 754 858 877
274: 149 272 301 325 554
275: 3 120
276: 59 184 408
277: 27 69 169 216 603 651 999
278: 12
279: 19 82 243 397 923
280: 29 452 481 512 516 721 830
281: 172
282: 45 192 329 880
283: 78
284: 1 49 192 216 257 461 494 617 631 799
285: 117 172 376 404 798 806
286: 11 27 372
287: 80 168 290 453
288: 0 219 262
289: 176
290: 12 23 25 117 154 287 489 538 718 785 841 937 955
291: 58 243 531 540 553 555
292: 29 67 134 507 546 680
293: 15 48 343 393 631 690 916
294: 67 118 575
295: 3 206 236
296: 105 410 964
297: 3 151 200 949
298: 92 164 209 299 430 587
299: 49 67 123 172 298 378 402 430 511 613 709 888 970
300: 15 60 154 265 426
301: 39 274 573 700 756
302: 186
303: 13 123 538 608 688
304: 26 82
305: 82 97 186 777 902 981
306: 173 189 366 517 559 634 796 871
307: 140 248 704
308: 193
309: 2 6 12 418
310: 82 108 109 194
311: 3 160 194 436 441 458 706 723 749 989
312: 25 61 132 339 388 483 486 521 549 619 639 661 732 863 926 940 965 987
313: 10 17 58 74 615 671
314: 240 342 600
315: 3 25 48 69 489 543 657 953
316: 137 504 679
317: 3 16 29 34 105 169 179 390 804 957
318: 3 12 169 407 442 482
319: 26 142 776
320: 90 94 196 364 537 599 759 834 852 914 942 947 957 960
321: 4 18 432
322: 45 67
323: 235 354 649
324: 10 151 496
325: 18 72 115 257 274 388
326: 32 191
327: 7 10 21 368 409 683 753 873
328: 189 192 601 943
329: 236 282 371 461 656 798
330: 173 203 252 555
331: 107 145 172 176 448 466 569 756 872
332: 246
333: 62 590 597
334: 15 64 402 431
335: 1 184 462 522 811 812
336: 68
337: 59 74
338: 1 10 82 179 490 711
339: 29 72 123 232 312 951
340: 164 241
341: 53 82 176 394 504 599 976
342: 42 314 744 904
343: 29 182 293 808
344: 199 636
345: 215
346: 21 922
347: 3 260 272 777 788
348: 183 195
349: 169 649
350: 23
351: 3 368
352: 122 158
353: 9 59
354: 323 527
355: 96 172
356: 123
357: 268
358: 240
359: 16 169
360: 33 65 82 227 578
361: 72 165 557
362: 75 206
363: 3 164 237 906 910
364: 52 158 320 572 807
365: 45 380
366: 23 92 306 487 675 835
367: 48
368: 7 327 351 462 607 665
369: 4 164 555
370: 24 53 79 138 414
371: 67 93 329
372: 158 172 286 476 597 969
373: 192 402
374: 189
375: 82
376: 4 285 456 645 678 738 861
377: 164 518 598 957
378: 7 10 26 67 134 299 657 787 916 930
379: 124 227 441
380: 40 365
381: 113 509
382: 7 588
383: 30 107
384: 240
385: 132 689
386: 109 813
387: 68 116 127 241 649 742
388: 74 97 217 312 325 463 534 779 858 888
389: 0 41 56 82 401 433 807 899 971
390: 107 317
391: 1 79 207 744 871 933
392: 207
393: 293 847 919
394: 243 341 640
395: 133
396: 29
397: 279
398: 82 420
399: 192 232 427
400: 260
401: 76 92 250 389 476 762
402: 172 206 244 299 334 373 429 439 492 535 846
403: 29 409 662 712
404: 285
405: 3
406: 66
407: 178 318 536
408: 276
409: 86 265 327 403
410: 67 172 266 270 296 422 664 839 851 911 945 967
411: 7 23 156
412: 193
413: 10 61 227 963
414: 64 96 370 873
415: 242
416: 57
417: 119 206 925
418: 185 309 603
419: 203 972
420: 135 158 398
421: 86
422: 10 410
423: 81 216
424: 46
425: 9 818
426: 50 66 300 447
427: 1 52 399
428: 50 660 680
429: 18 213 402 891
430: 34 59 298 299
431: 18 334 743
432: 12 244 321
433: 45 59 190 260 389 497
434: 2 20 671
435: 0 121 646 743 865
436: 33 311
437: 56 201 784
438: 92
439: 402
440: 7 11 32 260 830
441: 59 311 379
442: 13 82 99 194 248 257 318 663 674 773 988 993
443: 21 31 236 643 729
444: 25
445: 91 201
446: 3
447: 14 30 426 525
448: 331
449: 15 26 73 192 751 917
450: 9 140 163 207 524
451: 50 781
452: 9 49 178 280 468 699
453: 19 65 287 847
454: 102 230
455: 56 135 154 613
456: 376
457: 7 26
458: 311 552
459: 67 219
460: 131 941
461: 284 329 489 894 902
462: 335 368
463: 388
464: 7 65 67 814
465: 18 58 61 72 236 567 576
466: 10 331 710 951
467: 29 79 570 803
468: 24 452 688 982
469: 103 583 726
470: 3 261
471: 76
472: 236
473: 236
474: 227 570
475: 79 93 202 899
476: 64 372 401
477: 121 211
478: 31 64 526 900
479: 128 952
480: 160
481: 101 280 621
482: 82 318
483: 74 312
484: 0 13 65
485: 184
486: 312
487: 149 366
488: 185
489: 31 198 218 227 290 315 461
490: 236 338 586 593
491: 75 140 194 624 834 942
492: 3 109 402
493: 24 94 569 721
494: 0 284 495 712
495: 128 494 565 825
496: 7 15 29 324 562 615 623 818
497: 3 433 513
498: 1 104 156 606 663
499: 7 62 739 885
500: 19 22
501: 9
502: 22 192 203
503: 202
504: 176 316 341 750 822 965
505: 9 31 69
506: 65 128
507: 82 292 549 819 963
508: 164
509: 11 17 76 381 526 637 728
510: 50 966
511: 5 67 92 299
512: 9 280 644 748
513: 9 15 50 62 72 154 497 545 940
514: 127
515: 52 160 921
516: 13 189 280 921 943
517: 0 306 914 959
518: 17 377
519: 118 692
520: 46 708
521: 82 312 694 698
522: 0 335 771
523: 75 176 778
524: 450
525: 30 447 690
526: 104 193 478 509 794 959
527: 115 152 354
528: 92
529: 203
530: 19 34 148 164
531: 59 74 291 544 684 710
532: 17 43 217
533: 83 111 878
534: 18 388 624 967
535: 49 59 402 551
536: 3 26 189 407 675 897
537: 260 320 719
538: 290 303 573
539: 149 986
540: 291
541: 79
542: 160 188 200 224
543: 23 156 315 645 876
544: 29 56 83 531 881 908
545: 45 67 513
546: 26 50 216 292 893 905
547: 4 120
548: 29
549: 128 158 312 507
550: 92
551: 49 535 612 647 728 956
552: 216 458
553: 96 291 724
554: 192 274
555: 0 61 218 260 291 330 369
556: 57 585
557: 94 164 361 749 824
558: 95 142 573
559: 306
560: 137
561: 7 67
562: 122 159 496
563: 105
564: 3 104 140 160 691 938
565: 75 495 825
566: 126 236
567: 465 580
568: 2 18 40 46 117 172
569: 64 117 216 331 493
570: 467 474
571: 107 944 990
572: 205 364
573: 154 301 538 558
574: 107
575: 15 294 620 836
576: 19 136 465 725
577: 22
578: 69 272 360 631 755
579: 19
580: 160 567
581: 19 97 236 750
582: 145
583: 3 469
584: 7 126 135
585: 556
586: 86 165 490 942
587: 103 131 298
588: 59 382
589: 202 203 634 705 830
590: 333
591: 30 61
592: 164
593: 58 490 766
594: 64 182 216 266 796
595: 10
596: 136 730 823
597: 5 333 372 786
598: 377
599: 248 320 341 647
600: 18 314 639 777
601: 52 136 256 328 748 985
602: 216
603: 277 418 607
604: 51
605: 10
606: 498
607: 45 65 368 603 700
608: 250 303
609: 110
610: 17 78
611: 31 72
612: 1 49 164 551 656 884
613: 299 455
614: 18 939
615: 313 496
616: 166 871
617: 7 284
618: 107 185 885
619: 105 312 814
620: 575
621: 260 481 990 996
622: 27
623: 93 496 782 839
624: 29 31 238 491 534 895
625: 0 74 638 653
626: 18
627: 3 133 889
628: 154 254 692 866
629: 92 801
630: 64 962
631: 17 284 293 578
632: 178 758
633: 58 103
634: 182 306 589
635: 58 82
636: 235 344
637: 509
638: 625
639: 2 163 212 227 312 600
640: 235 394 998
641: 172
642: 20 135 644 959
643: 201 443
644: 512 642 657
645: 87 376 543 790
646: 27 435
647: 551 599
648: 46 93 107 205
649: 109 233 323 349 387
650: 141 736
651: 277 654
652: 66 756
653: 625 974
654: 651
655: 152
656: 329 612
657: 122 236 315 378 644 660 859
658: 57
659: 260 763
660: 107 428 657
661: 55 244 312
662: 403 727
663: 90 442 498 808
664: 78 410 674 710
665: 151 368
666: 23 50 722
667: 178
668: 221 235 257
669: 18 155 181
670: 0 136
671: 133 313 434
672: 3 11 699
673: 19 58 695
674: 3 111 128 179 216 442 664 789 848 949
675: 9 366 536
676: 12 986
677: 177
678: 3 376
679: 9 58 141 316 916 947
680: 3 292 428 733
681: 4 18 207
682: 235
683: 327
684: 3 531
685: 97 105
686: 260
687: 46 118 843
688: 72 178 303 468 839 858
689: 0 78 92 385 836
690: 27 53 293 525 977
691: 26 564
692: 519 628
693: 53 73 81
694: 68 155 521
695: 673
696: 49
697: 92 905
698: 521
699: 7 29 452 672 707 926 971
700: 301 607
701: 13 86
702: 172
703: 172
704: 307
705: 589
706: 311
707: 44 699
708: 520
709: 299
710: 67 466 531 664 777
711: 72 338
712: 9 39 68 260 403 494 802
713: 240
714: 111 219
715: 26 66
716: 154 720 847
717: 58
718: 205 290
719: 39 537
720: 716
721: 280 493
722: 175 260 268 666 857
723: 311
724: 553 857
725: 95 576
726: 17 74 469
727: 19 146 662 863 887
728: 44 509 551
729: 17 172 443
730: 104 149 230 596
731: 66
732: 312
733: 680
734: 26 205 767
735: 117
736: 650
737: 45
738: 376
739: 216 499 882
740: 12 22
741: 7 96
742: 3 387
743: 23 59 431 435
744: 342 391
745: 50
746: 172
747: 42 207 265
748: 512 601
749: 3 311 557
750: 236 504 581
751: 449
752: 9 10
753: 327
754: 8 273
755: 578 820
756: 3 151 182 301 331 652
757: 112 151
758: 10 30 160 632 793 879
759: 320
760: 238 244
761: 19 127
762: 155 401 906
763: 82 223 659
764: 71 207 823
765: 133 260 781
766: 57 593
767: 86 734
768: 72 73 164 172 838
769: 0 163 203 908
770: 254
771: 9 11 522 840
772: 181
773: 19 216 442
774: 93 111 140 236 958
775: 124
776: 59 319 970
777: 158 305 347 600 710
778: 10 30 523 847
779: 388 857
780: 56 67 931
781: 71 175 451 765
782: 82 623
783: 3
784: 437 835 897 900
785: 13 290 967
786: 10 597
787: 43 118 378
788: 69 347
789: 674
790: 31 645
791: 15 139
792: 216
793: 82 232 758
794: 66 179 526
795: 18 33
796: 95 306 594
797: 176 192
798: 117 285 329 952
799: 227 284
800: 12
801: 629
802: 712
803: 66 175 467
804: 12 317
805: 10 18 125 136 824
806: 87 285 903 962 996
807: 3 49 249 364 389 980
808: 343 663
809: 18 185 207
810: 3
811: 335
812: 141 335
813: 19 191 386
814: 136 260 464 619
815: 5 93 207 240
816: 41
817: 121 216 871
818: 425 496
819: 81 507 826
820: 58 755
821: 169 872
822: 254 504
823: 596 764 855
824: 135 557 805 903
825: 0 495 565 956
826: 819
827: 62
828: 3 117
829: 9 99 137
830: 95 220 280 440 589
831: 55
832: 17 169
833: 9 858
834: 56 320 491
835: 244 366 784 983
836: 52 575 689 997
837: 250
838: 67 72 230 768
839: 24 44 410 623 688
840: 68 175 771
841: 290
842: 80
843: 687
844: 12
845: 35 905
846: 52 402
847: 272 393 453 716 778 924
848: 674
849: 3 29
850: 52
851: 207 410
852: 320 975
853: 7
854: 41 169 260 922
855: 82 172 823
856: 10
857: 722 724 779
858: 201 273 388 688 833
859: 69 166 657
860: 17
861: 18 376
862: 7 171 921
863: 33 312 727
864: 10
865: 29 105 435
866: 628
867: 140
868: 0
869: 47
870: 158
871: 227 265 306 391 616 817
872: 59 331 821
873: 7 149 327 414
874: 184
875: 76
876: 543
877: 273
878: 533
879: 207 758
880: 164 282
881: 82 134 544 912
882: 739
883: 29
884: 235 241 612
885: 164 499 618
886: 7 76 207
887: 21 727 893
888: 134 253 299 388
889: 73 203 253 627
890: 116 980
891: 169 429
892: 29
893: 546 887
894: 14 461
895: 44 216 272 624
896: 27
897: 536 784
898: 4 56 181
899: 128 389 475
900: 24 478 784
901: 7
902: 202 305 461
903: 806 824
904: 342
905: 546 697 845
906: 14 133 363 762
907: 208
908: 265 544 769
909: 149
910: 3 118 363
911: 19 255 410
912: 881
913: 23
914: 87 320 517
915: 52 137
916: 115 293 378 679
917: 449
918: 133
919: 155 393
920: 28 79
921: 208 515 516 862
922: 207 346 854
923: 49 279
924: 847
925: 26 417
926: 312 699
927: 36 253
928: 1 12
929: 126
930: 194 378
931: 29 780
932: 178
933: 391
934: 34 49
935: 82 104 973
936: 3
937: 290
938: 564
939: 0 614
940: 164 312 513
941: 460
942: 7 320 491 586
943: 15 53 328 516
944: 31 571
945: 58 172 256 410
946: 67 82
947: 13 320 679
948: 7 76 230
949: 297 674
950: 183
951: 339 466
952: 12 67 479 798
953: 315
954: 66
955: 290
956: 30 551 825
957: 317 320 377
958: 0 109 774
959: 517 526 642
960: 320
961: 12 13
962: 2 65 109 122 630 806 996
963: 413 507
964: 296
965: 7 164 312 504
966: 232 510 989
967: 48 410 534 785
968: 10 104
969: 31 272 372
970: 3 68 164 299 776
971: 51 389 699 998
972: 164 419
973: 935
974: 145 653
975: 22 852
976: 82 133 224 341
977: 3 68 690
978: 19
979: 141
980: 16 236 807 890
981: 12 69 305
982: 116 468
983: 835
984: 81 268
985: 3 136 216 601
986: 26 133 539 676
987: 312
988: 59 123 442 994
989: 67 311 966
990: 10 571 621
991: 9
992: 18
993: 92 442
994: 20 988
995: 29 79 216 259
996: 621 806 962
997: 26 836
998: 640 971
999: 277
