0: 1 5 30 61 102 131 159 190
1: 0 2 9 28 85 92 153
2: 1 3 11 29 50 54 62 78 91 188
3: 2 4 6 7 15 21 55 67 80 114 130 141
4: 3 5 6 7 14 15 16 17 24 25 28 30 35 37 39 44 50 74 87 90 104 117 134 142 144 147 161 182 186 192 199
5: 4 0 6 10 14 15 18 19 33 38 62 73 80 97 107 114 120 121 127 139 153 171 181 192
6: 3 4 5 8 11 12 13 15 19 20 23 24 29 30 32 34 36 39 43 52 53 59 60 64 65 72 95 97 99 110 111 113 117 119 120 123 129 140 141 142 144 150 151 155 156 161 169 171 172 174 182
7: 3 4 9 23 27 30 40 41 45 57 59 95 101 107 110 166 176 197
8: 6
9: 1 7 14 29 46 69 82 154 165
10: 5 15 48 70 103 123 125
11: 2 6 12 13 22 41 53 62 73 87 109 116 152 170 172
12: 6 11 195
13: 6 11 23 31 34 52 55 79 82 88 90 93 118 122 129 143
14: 4 5 9 29 39 56 92 117 134 147 162 191 192
15: 3 4 5 6 10 20 25 26 27 36 46 58 60 66 71 73 76 77 84 86 114 116 132 182
16: 4 25 33 108
17: 4
18: 5 74 78 98 140 156
19: 5 6 24 81 88 173 179
20: 6 15 93 139 147
21: 3
22: 11
23: 6 7 13 30 36 62 161 185
24: 4 6 19 51 128 157
25: 4 15 16 28 31 34 50 53 71 75 81 83 84 87 106
26: 15 101
27: 7 15 36 75
28: 1 4 25 51 78 91 93 120 133 139 155 187 198
29: 2 6 9 14 45 55 103 105 141 178 185
30: 0 4 6 7 23 87
31: 13 25 46 130 161 174
32: 6 89
33: 5 16
34: 6 13 25
35: 4 76 93
36: 6 15 23 27 44 136
37: 4 61 162
38: 5
39: 4 6 14 42 47 50 62 84
40: 7 49 122 167 174
41: 7 11 62 68
42: 39
43: 6 69
44: 4 36 75 96 112
45: 7 29
46: 9 15 31 58
47: 39
48: 10
49: 40 98 130 145 190
50: 2 4 25 39 60 78 85 161 176 189
51: 24 28 60 87 130 167
52: 6 13 124 144 159 191
53: 6 11 25
54: 2 135
55: 3 13 29 64 73 94 100 107 115 122 132 133 134 136 177 193 197
56: 14
57: 7
58: 15 46 63 145 149
59: 6 7 115
60: 6 15 50 51 68 87 112 115 148
61: 0 37
62: 2 5 11 23 39 41 96 176 191
63: 58
64: 6 55 196
65: 6
66: 15
67: 3 131
68: 41 60 70 111 127
69: 9 43
70: 10 68 74 142
71: 15 25
72: 6
73: 5 11 15 55 133
74: 4 18 70 138 167
75: 25 27 44 107 136 158
76: 15 35 99 106 114 117
77: 15
78: 2 18 28 50 117
79: 13
80: 3 5 146
81: 19 25 126 145
82: 9 13 178 180 186
83: 25
84: 15 25 39 86
85: 1 50
86: 15 84 119 167
87: 4 11 25 30 51 60 108 121 190
88: 13 19 123
89: 32
90: 4 13
91: 2 28 106 189
92: 1 14 96
93: 13 20 28 35
94: 55
95: 6 7 126
96: 44 62 92
97: 5 6
98: 18 49
99: 6 76 101 122 125 145 178 185
100: 55
101: 7 26 99 141
102: 0
103: 10 29 187
104: 4 122 157 163
105: 29
106: 25 76 91 165
107: 5 7 55 75
108: 16 87 133
109: 11
110: 6 7
111: 6 68
112: 44 60
113: 6
114: 3 5 15 76
115: 55 59 60 151
116: 11 15 145
117: 4 6 14 76 78 168 172 190 194
118: 13
119: 6 86
120: 5 6 28
121: 5 87
122: 13 40 55 99 104 152 160
123: 6 10 88
124: 52 167 190
125: 10 99 134 168 189 197
126: 81 95 166
127: 5 68 137 155
128: 24
129: 6 13 165
130: 3 31 49 51 162 164
131: 0 67
132: 15 55
133: 28 55 73 108 136 158 168
134: 4 14 55 125
135: 54
136: 36 55 75 133
137: 127
138: 74
139: 5 20 28
140: 6 18
141: 3 6 29 101 150
142: 4 6 70
143: 13
144: 4 6 52 151
145: 49 58 81 99 116 175 183
146: 80
147: 4 14 20
148: 60
149: 58
150: 6 141
151: 6 115 144 188
152: 11 122
153: 1 5
154: 9
155: 6 28 127
156: 6 18
157: 24 104
158: 75 133
159: 0 52
160: 122
161: 4 6 23 31 50
162: 14 37 130
163: 104 170
164: 130
165: 9 106 129
166: 7 126
167: 40 51 74 86 124 168 187
168: 117 125 133 167 176
169: 6
170: 11 163 174
171: 5 6
172: 6 11 117
173: 19
174: 6 31 40 170 184 185 188
175: 145
176: 7 50 62 168
177: 55
178: 29 82 99
179: 19
180: 82
181: 5 182
182: 4 6 15 181
183: 145 192
184: 174
185: 23 29 99 174
186: 4 82
187: 28 103 167 188
188: 2 151 174 187
189: 50 91 125
190: 0 49 87 117 124
191: 14 52 62
192: 4 5 14 183
193: 55
194: 117
195: 12
196: 64
197: 7 55 125
198: 28
199: 4
