0: 58 75 126 316 472 528 567 589 596 626 724 752 856 900
1: 75 286 306 359 457 575 631 650 754 809 905 926 934 951 998
2: 261 333 405 429 916
3: 112 146 194 299 358 367 651 752 859 904 910
4: 67 118 221 339 506 549 588 821 840 951
5: 159 204 219 234 305 343 442 541 672 873 885 893 905 906 910 962
6: 43 79 180 190 443 495 587 725 728 893
7: 10 166 248 340 392 442 447 627 634 762 894 946
8: 168 430 567
9: 136 152 172 187 235 377 582 675 791 821 964 967
10: 7 45 76 397 427 486 487 590 765 834 858 900 941
11: 132 306 321 346 351 375 398 434 447 552 559 565 603 706 813 854 869 943
12: 81 85 144 439 450 651 741 946
13: 24 40 123 258 349 418 478 491 682 798 815 821 845 868 881 919
14: 108 216 478 571 676 695
15: 138 309 429 454 753 786 981
16: 42 62 219 268 337 464 675 741 843 885 904
17: 124 134 344 400 482 485 741 938
18: 49 121 267 376 442 594 620 730 732 751 801
19: 46 84 199 248 255 320 373 686 713 731 757 888 951
20: 125 336 338 537 743 795 885 948 961
21: 41 154 492 507 581 603 624 632 673 909
22: 318 354 455 467 510 785 811
23: 84 142 147 338 474 533 567 676 768 866 920
24: 13 83 94 531 582 806 815 838 849 916
25: 119 130 205 276 334 698 714 746 758 769 964
26: 79 287 433 447 572
27: 109 348 371 396 513 690 807 818 909
28: 50 121 283 296 328 372 510 563 776 778 841 978 988
29: 133 217 282 423 459 559 561 721
30: 117 367 407 414 545 639 749 818
31: 50 87 158 254 309 424 605 800 821 859 985
32: 118 155 282 372 408 556 576 652 978
33: 36 142 202 213 308 367 475 634 714
34: 43 81 133 240 271 464 541 685 692 863 971
35: 332 356 524 819 960
36: 33 48 241 397 490 531 678 890
37: 312 353 410 412 590 630 892 900 984
38: 144 154 184 277 298 450 491 514 548 672 694 812 878 916 957 977
39: 52 303 316 330 504 775 793
40: 13 129 320 736 811 994
41: 21 148 202 245 298 340 390 400 452 523 532 565 617 803 830 868 922
42: 16 288 323 434 447 558 678 708
43: 6 34 142 144 322 517 842 872 890 905 971
44: 272 320 364 470 517 524 618 631 765 767 779 863
45: 10 301 592 664 684 768 784 874 902 909 926 930 966 972
46: 19 232 471 547 670
47: 69 266 315 485 516 545 841 893 903
48: 36 50 124 169 188 204 365 576 591 899
49: 18 187 269 299 312 353 514 773 879 975
50: 28 31 48 82 429 629 728 877 967 984
51: 54 100 152 483 663 987
52: 39 125 165 183 274 278 326 862 953
53: 92 162 303 374 412 440 471 538 582 630 750 854
54: 51 78 96 105 147 184 208 235 282 342 457 651 801 848 856
55: 207 314 323 471 548 598 717 851
56: 83 252 314 638 733 919 971
57: 89 206 407 594 634 635 639 662 685 688 862 954 967
58: 0 346 610 795 964 980
59: 86 144 236 356 511 565 568 731 759 761 834
60: 265 273 427 455 461 532 603 732 780 920 945
61: 71 78 143 274 361 393 445 963
62: 16 120 261 318 366 472 480 630 765 783 901 918 997
63: 144 271 300 306 780 810 815 821 922 962
64: 72 257 857
65: 75 130 220 256 284 546 598 698 763 951
66: 269 278 479 489 492 557 641 785
67: 4 107 253 270 506 661 710 746 812 827
68: 91 144 182 196 645 829 867 896 931 960
69: 47 103 110 150 392 427 453 495 551 615 805 892
70: 93 170 196 394 430 536 598 742 752 775 800 883
71: 61 136 230 254 355 696 846
72: 64 215 295 314 523 700 734 828 894
73: 297 370 528 535 588 648 706 898
74: 76 162 228 441 632 854 992
75: 0 1 65 135 165 202 470 732 859 938
76: 10 74 347 367 518 527 545 606 697 745 828 854
77: 378 568 575 905 937 954
78: 54 61 189 393 459 605 626 722 808 818 872 882 921
79: 6 26 178 179 385 523 855
80: 88 103 169 188 314 540 586 805 868 926 947
81: 12 34 166 290 330 337 343 389 508 617 670 674 687 735
82: 50 93 221 275 577 643 770 791 936
83: 24 56 100 111 511 523
84: 19 23 154 203 339 474 515 659 746 814 854 987
85: 12 155 313 436 693 801 825 989 992
86: 59 173 220 412 495 597 745 793 795 836 961
87: 31 131 142 302 434 454 554 584 644 924 977 994
88: 80 187 516 623 634 640 725 789 791 809 881 980
89: 57 106 114 168 177 243 378 446 826 852
90: 240 368 381 391 435 578 809 824 987
91: 68 117 179 296 578 671 787 940 973 978
92: 53 128 145 187 243 271 455 503 931 941 961
93: 70 82 177 273 299 350 602 641 684 856 878
94: 24 147 241 283 612 649 652 656 734 826
95: 106 157 293 403 483 517 534 681 737 751 753 807 959
96: 54 163 576 923
97: 119 176 322 388 478 713 718 818 846 924
98: 271 327 415 485 492 513 676 756 767 796 955 962 986
99: 120 231 281 471 544 781 876
100: 51 83 138 300 343 556 622 626 675 703 704 892 999
101: 283 312 317 353 393 472 606 633 823 840 895 905 966
102: 305 369 569 783 803
103: 69 80 120 126 253 270 280 324 383 456 492 523 538 618 659 768 809
104: 373 423 476 522 843 871 997
105: 54 659 862 877
106: 89 95 212 311 389 411 825 888
107: 67 238 317 325 467 657 861
108: 14 111 176 263 273 296 371 438 443 469 593 740 751 846 958
109: 27 112 235 320 468 548 578 708 973
110: 69 137 155 324 343 388 466 585 610 654 687 742 834 908
111: 83 108 339 390 404 413 457 535 742 778 938
112: 3 109 239 455 520 922
113: 271 393 449 532 537 552 607 699 803 841
114: 89 175 204 208 269 349 354 406 470 475 664 707 761 892 896
115: 361 447 484 577 588 612 680 729 804
116: 142 360 496 572 625 752 770 843 859
117: 30 91 215 265 299 312 482 725 937
118: 4 32 243 324 345 378 495 582 670 674 706
119: 25 97 318 480 720 736 804 818 890 891 959
120: 62 99 103 351 418 484 554 605 624 633
121: 18 28 250 330 331 408 460 632 760 781 880 887
122: 124 165 170 243 266 355 495 508 643 710 779 868 948
123: 13 227 263 380 484 512 611
124: 17 48 122 269 354 441 472 513 533 591 667 836 839 852 855 864
125: 20 52 145 166 386 392 418 492 512 649 733 749 812 877
126: 0 103 153 192 244 386 456 460 679 734 765 901
127: 187 385 466 611 639 650
128: 92 231 396 441 632 736 807 902 936
129: 40 132 159 189 238 555 620 629 647 926 936 993
130: 25 65 466 545 645 838
131: 87 382 383 504 748 823 946
132: 11 129 179 257 374 521 537 558 716 829 843 844 880 947
133: 29 34 175 187 630 801 813 956
134: 17 138 156 291 353 420 580 607 839 942 964
135: 75 227 249 291 448 464 542 562 764 831 884
136: 9 71 285 337 398 438 544 548 680 873 916
137: 110 157 210 331 553 727 863 888 994
138: 15 100 134 251 501 648 707 970
139: 315 388 439 500 570 698 743 761 930
140: 245 249 256 431 538 589 614 630 708 715 971
141: 143 371 404 512 518 650 671 857 869 877
142: 23 33 43 87 116 156 300 353 367 447 510 607 856 939
143: 61 141 185 194 268 350 449 547 558 573 684 721 724 964
144: 12 38 43 59 63 68 261 422 459 495 522 715 750 752 760 787 866 951
145: 92 125 354 363 472 536 579 752
146: 3 169 176 238 365 382 462 559 562 647 736 751 846
147: 23 54 94 500 563 565 568 668 868
148: 41 160 327 330 374 436 703 723 768
149: 399 442 661 822 831 841 903
150: 69 175 296 297 398 421 519 627 853 858 990
151: 180 272 310 494 562 642 705 921 967 991
152: 9 51 162 293 332 364 476 588 611 658 666 679 702 776 852 978
153: 126 243 471 480 499 654 672 686 694 808
154: 21 38 84 179 344 485 608 610 681 699
155: 32 85 110 219 262 374 434 477 748 752 953
156: 134 142 176 206 290 313 397 406 592 656 708 808 828 955
157: 95 137 212 269 379 710 832
158: 31 235 301 763 809 890 922 993
159: 5 129 375 630 994
160: 148 180 202 348 395 404 520 618 806 840 920 961 977
161: 181 277 280 472 516 622
162: 53 74 152 552 562 630 715 855
163: 96 337 371 388 502 541 751
164: 445 980
165: 52 75 122 273 344 371 409 436 441 708 746 777 832 843 923
166: 7 81 125 284 478 491 499 625 752 932 962
167: 177 353 380 577 955
168: 8 89 173 247 304 360 389 471 552 913 973
169: 48 80 146 183 380 431 715 905
170: 70 122 232 318 443 619 735 745
171: 194 210 383 571 581 731 886 949
172: 9 188 293 376 466 601 633 982 990
173: 86 168 179 207 406 452 479 678 683 817 974
174: 211 247 347 360 579 581 806 821 988
175: 114 133 150 401 412 427 448 494 564 585 599 661 735 900 929
176: 97 108 146 156 218 233 332 336 404 484 519 530 560 646 673 790 793 806
177: 89 93 167 234 251 518 527 551 701 744 837 873
178: 79 227 270 495 557 681 697 702 748 814 816 948
179: 79 91 132 154 173 329 366 371 449 480 503 685 699 732 749 770 792 817 831 931
180: 6 151 160 327 435 533 592 604 673 803 941 972 989
181: 161 248 381 819
182: 68 353 442 541 575 592 800 802 859 867 939 951 991
183: 52 169 367 376 479 556 600 604 755 875
184: 38 54 379 491 604 730 735 793 803 959
185: 143 187 204 358 459 484 515 548 752 790 895 998
186: 267 296 320 613 703 756 796 806 833 990
187: 9 49 88 92 127 133 185 223 288 315 478 479 554 621 688 699 867 885
188: 48 80 172 189 290 344 356 368 597 803 981
189: 78 129 188 194 240 419 513 642 675 753 779 875 903
190: 6 321 502 584 610 623 652 837
191: 221 315 323 676 718 719 723 753 798 961
192: 126 201 467 494 521 574 685 993
193: 327 329 330 399 505 592 609 677 878
194: 3 143 171 189 195 305 366 408 616 639 726
195: 194 353 512 514 575 897 979
196: 68 70 225 271 314 433 548 875
197: 268 322 491 569 680 838 962 969
198: 286 337 433 489 553 576 635 772 845 855 906
199: 19 319 399 425 546 688 991
200: 241 262 346 480 528 625 744 833 994
201: 192 217 265 311 472 499 572 633 980
202: 33 41 75 160 296 629 675 737 917 943 946
203: 84 229 244 277 363 368 561 619 624 699 733 886 887 912
204: 5 48 114 185 221 342 346 469 536 653 696 924 950
205: 25 327 433 469 567 569 618 757 846 911
206: 57 156 224 295 347 355 501 519 528 654 710 731 791 810 814 920 987
207: 55 173 235 295 386 513 567 571 638 640 770 989
208: 54 114 478 482 599 726 824
209: 715 724 813 928
210: 137 171 290 383 389 430 487 740 826 838 858 897
211: 174 229 311 424 532 533 609 689 830 934 955
212: 106 157 386 481 533 543 565 921
213: 33 455 693 715
214: 225 434 529 544 738 928 944
215: 72 117 220 295 320 619 703 731 812 913 969 989
216: 14 236 247 320 648 776 838 876
217: 29 201 400 540 558 762 784 849 858
218: 176 361 416 573 682 734 814 975
219: 5 16 155 494 881 883 903
220: 65 86 215 266 279 304 309 406 416 441 563 640 766 778
221: 4 82 191 204 403 467 792 812 998
222: 243 378 595 609 698 775 802 822 891 931
223: 187 534 647 783 838 857
224: 206 226 281 291 341 400 472 684 817 899 977
225: 196 214 241 337 456 540 568 693 758 770 870
226: 224 527 631 769 808 934
227: 123 135 178 237 239 358 418 562 869
228: 74 245 261 338 362 388 514 581 621 628 636 761 815
229: 203 211 235 252 268 318 349 375 420 641 769 814
230: 71 259 328 468 681 832 835 981
231: 99 128 281 295 475 528 583 748 898 991
232: 46 170 247 250 306 343 379 441 509 565 616 657 662 757 790 825 826 931
233: 176 242 558 650 823 972
234: 5 177 374 531 653 819 934
235: 9 54 109 158 207 229 387 423 468 470 495 672 755 856 960 982
236: 59 216 238 239 288 488 517 626 767 782 785 904
237: 227 245 326 332 393 471 486 593 648 818 862 863 896
238: 107 129 146 236 243 417 535 654 738 927 938 974
239: 112 227 236 332 405 431 435 514 550 568 574 650 665 753 791 982
240: 34 90 189 423 652 681 712 758 867 885
241: 36 94 200 225 294 298 393 446 517 523 535 835
242: 233 306 483 604 616 769 815 847 884 898 932 983
243: 89 92 118 122 153 222 238 271 303 402 460 486 497 758 806 931 957 991
244: 126 203 279 379 430 513 514 616 631 659 699 818 838 858 864 977 989
245: 41 140 228 237 524 556 577 708 766 888
246: 312 319 326 555 787 888 953
247: 168 174 216 232 278 470 487 566 758 759 928
248: 7 19 181 317 377 565 571 654 746 753 836
249: 135 140 440 483 521 694 700 867 873 876 881
250: 121 232 302 377 397 414 534 669 967
251: 138 177 265 329 371 587 594 611 649 792 825
252: 56 229 379 427 652 792 793 873
253: 67 103 573 616 843 953
254: 31 71 351 481 610 753 837 976 978
255: 19 380 502 507 565 605 660
256: 65 140 514 516 582 620 867 978 996
257: 64 132 414 466 493 579 737 986
258: 13 263 359 371 579 820
259: 230 428 526 695 907
260: 300 426 461 679 815 991 995
261: 2 62 144 228 875 965
262: 155 200 380 434 451 532 594 832 861 869 907 957
263: 108 123 258 280 287 374 379 456 460 470 488 613 633 707 734 854 926 987
264: 411 425 485 699 829 841 859 903
265: 60 117 201 251 511 592 623 642 782 896 920 987
266: 47 122 220 403 538 580 613 653 706 707 761 780 873 970
267: 18 186 340 436 731 896 904
268: 16 143 197 229 310 330 519 581 587 778 829 875 920
269: 49 66 114 124 157 359 463 509 710 806 967
270: 67 103 178 307 524 673 775 842 860 867 933 943
271: 34 63 92 98 113 196 243 512 631 653 697 946
272: 44 151 343 344 345 588 713 768 833 907 959
273: 60 93 108 165 369 440 553 695 942 949
274: 52 61 277 315 407 416 437 446 722
275: 82 288 340 472 501 597 662 745 992
276: 25 342 524 646 834 888 975
277: 38 161 203 274 411 420 430 732 769 874 965 971 989
278: 52 66 247 541 581 648 683 744 919 922
279: 220 244 438
280: 103 161 263 296 409 431 615 642
281: 99 224 231 357 461 475 722 727 816 886 929 955
282: 29 32 54 336 421 566 622 846 892
283: 28 94 101 287 318 423 456 464 499 507 591 618 620 674 811 903 968
284: 65 166 460 561 681 760 926
285: 136 357 412 636 773 815
286: 1 198 457 466 652 662 897 929 953 992
287: 26 263 283 414 418 628 665 769
288: 42 187 236 275 304 403 471 551 647 915 957 980
289: 367 564 588 649 668
290: 81 156 188 210 746 775 783 840 920
291: 134 135 224 429 547 553 563 594 895 928
292: 384 416 551 557 591 701 719 738 739 787 799 854 889
293: 95 152 172 307 544 607 664 670 980
294: 241 298 461 485 523 586 792 836 847
295: 72 206 207 215 231 307 315 449 491 545 646 710 920 940
296: 28 91 108 150 186 202 280 313 350 554 559 561 579 681 812
297: 73 150 333 336 403 427 762 890 948 975
298: 38 41 241 294 334 392 414 581 734 742 790 793 820
299: 3 49 93 117 448 530 644 695 847 902 909 913
300: 63 100 142 260 432 525 754 848 885 944
301: 45 158 375 584 650 712 758 966
302: 87 250 505 540 554 623 789 829 913 985
303: 39 53 243 352 428 649 764
304: 168 220 288 438 488 540 665 781 816 831 868
305: 5 102 194 340 390 410 423 448 465 475 493 661 913 937
306: 1 11 63 232 242 364 405 549 563 619 654 754 839 921 987
307: 270 293 295 373 446 543 627 641 701 961 998
308: 33 333 509 715 896 941 989
309: 15 31 220 310 337 592 651 812 960 993
310: 151 268 309 389 412 516 882 902
311: 106 201 211 387 730 895 896 952 990
312: 37 49 101 117 246 353 368 393 428 462 487 542
313: 85 156 296 318 437 438 451 648 855 899 902 969
314: 55 56 72 80 196 466 477 496 688 761 832 851 874 956
315: 47 139 187 191 274 295 391 448 506 653 813 925
316: 0 39 755 903 933
317: 101 107 248 373 403 458 482 491 496 515 530 722 885
318: 22 62 119 170 229 283 313 350 569 633 787
319: 199 246 336 591 623 795 886
320: 19 40 44 109 186 215 216 341 379 473 610 793 922
321: 11 190 655 703 751 792 809 924 965
322: 43 97 197 574 623 880 971
323: 42 55 191 386 432 465 531 532 775 801 951
324: 103 110 118 339 386 679 727 733 940
325: 107 401 492 516 542 606 637 776 784 810 818 882 883
326: 52 237 246 428 472 622 636 697 711 805 849
327: 98 148 180 193 205 409 419 730 732 738 884 984
328: 28 230 471 514 612 662 721 745 796 807
329: 179 193 251 358 468 690 765 835 919 931
330: 39 81 121 148 193 268 396 519 531 576 592 682 690 802 958
331: 121 137 457 497 558 573 700 812 826 989
332: 35 152 176 237 239 573 579 855 889 899 910 935 944
333: 2 297 308 381 541 605 724 776 835 994
334: 25 298 469 483 506 773 831 928
335: 337 410 508 613 784 793
336: 20 176 282 297 319 419 556 678 684 689 708 826 857
337: 16 81 136 163 198 225 309 335 374 407 420 469 612 639 805 810 812 823 870 872
338: 20 23 228 386 427 529 801 805 840
339: 4 84 111 324 536 627
340: 7 41 267 275 305 536 548 642 683 917 998
341: 224 320 540 632 930 960
342: 54 204 276 426 431 455 473 529 607 713 743 769 909 948 980
343: 5 81 100 110 232 272 354 406 566 671 811 896 898 979
344: 17 154 165 188 272 370 817 960 988
345: 118 272 570 784 833
346: 11 58 200 204 424 505 613 821 863 946
347: 76 174 206 367 381 413 484 574 769 952
348: 27 160 392 579
349: 13 114 229 513 530 740 947 994
350: 93 143 296 318 498 743 761 764 801 820 821 843 871 943 963
351: 11 120 254 410 482 489 555 877
352: 303 512 718 735 972
353: 37 49 101 134 142 167 182 195 312 365 468 619 648 717 757 808 892
354: 22 114 124 145 343 455 462 788
355: 71 122 206 433 771 807 923 924 925 930
356: 35 59 188 404 429 527 596 775
357: 281 285 376 525 582 597 691
358: 3 185 227 329 428 664 677 743 941 996
359: 1 258 269 436 574 794 971
360: 116 168 174 370 388 476 485 540 559 592 776 836 923 932 977
361: 61 115 218 373 462 645 679 760 798 801 804 857 895 918
362: 228 424 765 833 928 947
363: 145 203 367 368 386 421 635 740 789 819 827 944
364: 44 152 306 456 476 489 559 692 757 805 819 905
365: 48 146 353 445 665 711 777 922 933 959
366: 62 179 194 483 514 634 827 895
367: 3 30 33 76 142 183 289 347 363 401 406 593 766 901 913 989
368: 90 188 203 312 363 404 489 585 643 648 875 952 975
369: 102 273 464 497 800 810 875 942 984
370: 73 344 360 429 589 651 658 777 986
371: 27 108 141 163 165 179 251 258 394 532 552 613 665 718
372: 28 32 508 576 656 718 741 857 927
373: 19 104 307 317 361 401 541 673 675 770 905 924
374: 53 132 148 155 234 263 337 408 553 624 745 860 979
375: 11 159 229 301 500 795 825 830 831 895
376: 18 172 183 357 402 495 558 588 596 728 860 925
377: 9 248 250 453 513 725
378: 77 89 118 222 534 694 809
379: 157 184 232 244 252 263 320 436 548 555 612 798 942 950 970 973
380: 123 167 169 255 262 386 409 470 661 699 705 781 787 847 858
381: 90 181 333 347 426 583 866
382: 131 146 495 680 734 768 959
383: 103 131 171 210 784 879 887 903 933
384: 292 386 459 569 649 760 840 937 967
385: 79 127 445 494 770 881 889 929
386: 125 126 207 212 323 324 338 363 380 384 398 521 734 967
387: 235 311 495 502 586 592 663 780 876 885 989
388: 97 110 139 163 228 360 723 786
389: 81 106 168 210 310 422 439 440 505 577 634 748 905
390: 41 111 305 430 465 474 509 653 662 670 679 903 975
391: 90 315 566 592 804 807 843 885 891 998
392: 7 69 125 298 348 519 562 608 640 648 789 886 906
393: 61 78 101 113 237 241 312 571 619 698 732 743 829 884 963 967 968
394: 70 371 484 495 540 685 759 868 908
395: 160 403 477 492 535 552 595 625 762 816
396: 27 128 330 457 547 671 844
397: 10 36 156 250 401
398: 11 136 150 386 412 443 551 594 704 865 907
399: 149 193 199 418 511 516 523 541 552 633 748 881 882 930
400: 17 41 217 224 548 560 640 866
401: 175 325 367 373 397 425 626 764 794 799 801
402: 243 376 539 554 729 732 734 853 942 986
403: 95 221 266 288 297 317 395 417 455 457 464 528 642 697 709 787 867 875 904
404: 111 141 160 176 356 368 556 747 759 762 968
405: 2 239 306 508 693 835 954
406: 114 156 173 220 343 367 602 674 892 950 954
407: 30 57 274 337 437 516 653 680 751 965 976
408: 32 121 194 374 680 806 822
409: 165 280 327 380 461 489 896
410: 37 305 335 351 589 735 741 796 798 813 889
411: 106 264 277 526 749 834 879 936
412: 37 53 86 175 285 310 398 461 603 675 713 722 727 746 787 792 911
413: 111 347 464 582 706 715 931
414: 30 250 257 287 298 455 502 503 513 533 588 664 668 835
415: 98 453 473 483 574 657 685 849 893 908 909 917 941
416: 218 220 274 292 536 844 857 951
417: 238 403 469 588 621
418: 13 120 125 227 287 399 422 450 524 574 611 842 904
419: 189 327 336 474 586 753 756 866
420: 134 229 277 337 430 437 448 530 755 842 895 969
421: 150 282 363 453 515 540 604 630 772 902
422: 144 389 418 469 504 546 689 847
423: 29 104 235 240 283 305 554 594 669
424: 31 211 346 362 472 571 588 709 778
425: 199 264 401 503 512 689 709 916 970 998
426: 260 342 381 488 887 893 907
427: 10 60 69 175 252 297 338 451 861 905
428: 259 303 312 326 358 512 523 654 685
429: 2 15 50 291 356 370 459 555 696 753
430: 8 70 210 244 277 390 420 459 534 599 865 900
431: 140 169 239 280 342 485 535 704 707 801 905 978
432: 300 323 481 672 678 714 863 903
433: 26 196 198 205 355 446 486 521 538 586 751 836 960
434: 11 42 87 155 214 262 464 602 806 831 894 988
435: 90 180 239 569 694 884
436: 85 148 165 267 359 379 506 705 838
437: 274 313 407 420 540 541 683 785 802
438: 108 136 279 304 313 658 741 773 795 823 876 901
439: 12 139 389 474 603 608 902 968
440: 53 249 273 389 749 859
441: 74 124 128 165 220 232 468 557 600 634 648 792 982
442: 5 7 18 149 182 505 617 763 818 831 917 972 989
443: 6 108 170 398 634 896
444: 507 918 996
445: 61 164 365 385 450 630 843 880
446: 89 241 274 307 433 716 828 916 941
447: 7 11 26 42 115 142 573 590 681 782 875
448: 135 175 299 305 315 420 736 852 981 996
449: 113 143 179 295 509 528 601 742
450: 12 38 418 445 665 670 723 800 887
451: 262 313 427 473 596 640
452: 41 173 624 668 689 703 715 742 974
453: 69 377 415 421 670 726 800 915
454: 15 87 456 614 664 685 866
455: 22 60 92 112 213 342 354 403 414 604 696
456: 103 126 225 263 283 364 454 463 464 516 555 733 910
457: 1 54 111 286 331 396 403 500 619 705 833 893 987
458: 317 701 840
459: 29 78 144 185 384 429 430 466 571 805 913
460: 121 126 243 263 284 462 667 698 761 841 915 955 970
461: 60 260 281 294 409 412 615 738 790 811 841 856
462: 146 312 354 361 460 552 676 812 840 897
463: 269 456 481 550 775
464: 16 34 135 283 369 403 413 434 456 493 537 687 707 755 795 821 919 989
465: 305 323 390 505 605 619 766 917
466: 110 127 130 172 257 286 314 459 677 709 721 918
467: 22 107 192 221 569 679 733 763 874 956
468: 109 230 235 329 353 441 976 985
469: 108 204 205 334 337 417 422 677 682 705 827
470: 44 75 114 235 247 263 380 569 586 852 970
471: 46 53 55 99 153 168 237 288 328 527 577 668 684 850 933 995
472: 0 62 101 124 145 161 201 224 275 326 424 637 660 904
473: 320 342 415 451 847
474: 23 84 390 419 439 505 579 705 726 845 967
475: 33 114 231 281 305 590 723 744 968 988
476: 104 152 360 364 517 617 637 643 757 920 929
477: 155 314 395 491 681 703 719 726 869 992
478: 13 14 97 166 187 208 612 619 676 777 963 976
479: 66 173 183 187 500 676 863 980
480: 62 119 153 179 200 715 728 800 946 986
481: 212 254 432 463 555 781 803 808 987
482: 17 117 208 317 351 520 540 631 679 714 715 797 825
483: 51 95 242 249 334 366 415 584 586 696 812
484: 115 120 123 176 185 347 394 600 628 638
485: 17 47 98 154 264 294 360 431 494 625 785 800 828 835 990
486: 10 237 243 433 488 578 663 679 782 826 866
487: 10 210 247 312 604 700 802 907
488: 236 263 304 426 486 603 667 763 772 855
489: 66 198 351 364 368 409 980
490: 36 510 532 540 703 922
491: 13 38 166 184 197 295 317 477 656 659 667 712
492: 21 66 98 103 125 325 395 501 505 799 804 859 897 976
493: 257 305 464 622 691 706 808 816 829 893
494: 151 175 192 219 385 485 745 953
495: 6 69 86 118 122 144 178 235 376 382 387 394 522 532 578 627 701 756 962
496: 116 314 317 497 526 876
497: 243 331 369 496 512 517 610 621 668 764 766 867 967
498: 350 515 579 663 682 685 882 891 954 980
499: 153 166 201 283 505 666 925 941
500: 139 147 375 457 479 563 572 576 612 745 766 958 965 974 997
501: 138 206 275 492 538 567 792 811 881 956 971
502: 163 190 255 387 414 506 536 538 655 680 857
503: 92 179 414 425 510 588 812 988
504: 39 131 422 639 757 805 823
505: 193 302 346 389 442 465 474 492 499 541 592 627 774 852 869
506: 4 67 315 334 436 502 622 746 811 817 861 936 945
507: 21 255 283 444 640 660 696 904 908 916 992
508: 81 122 335 372 405 565 692 859 930 982
509: 232 269 308 390 449 652 750 912 970
510: 22 28 142 490 503 552 611 617 755 991
511: 59 83 265 399 601 656
512: 123 125 141 195 271 352 425 428 497 564 746 748 761 790 879
513: 27 98 124 189 207 244 349 377 414 605 685 720 789
514: 38 49 195 228 239 244 256 328 366 586 689 785 786 800 817 889 972 999
515: 84 185 317 421 498 693 798 801 815 820 881
516: 47 88 161 256 310 325 399 407 456 659 740 806 835 847 886 914
517: 43 44 95 236 241 476 497 668 803 809 963
518: 76 141 177 532 566 635 691 846 983
519: 150 176 206 268 330 392 562 760 931
520: 112 160 482 549 560 637 669 738 823 848 896 928
521: 132 192 249 386 433 568 740 973
522: 104 144 495 872 959 971
523: 41 72 79 83 103 241 294 399 428 662 848 857 898
524: 35 44 245 270 276 418 528 537 565 567 683 859 901 995
525: 300 357 585 588 644
526: 259 411 496
527: 76 177 226 356 471 551 563 675 735 828 924
528: 0 73 200 206 231 403 449 524 832 861 870 975
529: 214 338 342 551 669 740 836
530: 176 299 317 349 420 630
531: 24 36 234 323 330 558 624 662 776
532: 41 60 113 211 262 323 371 490 495 518 638 696 793 825 890 943
533: 23 124 180 211 212 414 594 648 673 685 865 872
534: 95 223 250 378 430 616 620 747 775 887 975
535: 73 111 238 241 395 431 592 723 799
536: 70 145 204 339 340 416 502 595 598 610 614 625 754 829
537: 20 113 132 464 524 726 776 854
538: 53 103 140 266 433 501 502 615 619 626 682 864 868 907 957
539: 402 549 614 627 668 702 760 964
540: 80 217 225 302 304 341 360 394 421 437 482 490 645 722 804 811 822
541: 5 34 163 182 278 333 373 399 437 505 568 603 793
542: 135 312 325 553 686 830
543: 212 307 620 885 915
544: 99 136 214 293 582 696
545: 30 47 76 130 295 614 639 656 780 867 920 951
546: 65 199 422 702
547: 46 143 291 396 611 657 665 793 953 991
548: 38 55 109 136 185 196 340 379 400 810 895 956
549: 4 306 520 539 687 701 754 843 891
550: 239 463 553 594 604 628 652 729 803
551: 69 177 288 292 398 527 529 562 616 750 768 817 933
552: 11 113 162 168 371 395 399 462 510 626 657 894 992
553: 137 198 273 291 374 542 550 557 647 721 794 848 889 964
554: 87 120 187 296 302 402 423 624 681 786
555: 129 246 351 379 429 456 481 698 705 787 911
556: 32 100 183 245 336 404 682 726 986
557: 66 178 292 441 553 581 584 704 858
558: 42 132 143 217 233 331 376 531 620 629 733 735 853 880
559: 11 29 146 296 360 364 724
560: 176 400 520 568 577 617 796 920 925 947 963
561: 29 203 284 296 572 595 682 683 731 836 860 914 968
562: 135 146 151 162 227 392 519 551 613 741 748 779 792 836 935
563: 28 147 220 291 306 500 527 666 750 780 908
564: 175 289 512 627 798 909 967
565: 11 41 59 147 212 232 248 255 508 524 585 669 700 814 868 891 937 943 990
566: 247 282 343 391 518
567: 0 8 23 205 207 501 524 638 667 688 757 795
568: 59 77 147 225 239 521 541 560 580 647 657 977
569: 102 197 205 318 384 435 467 470 620 652 656 671 716 817
570: 139 345 572 573 741 760 841 951
571: 14 171 207 248 393 424 459 708 741 880
572: 26 116 201 500 561 570 802 924 996
573: 143 218 253 331 332 447 570 625 651 725 851 909 942 994
574: 192 239 322 347 359 415 418 678 947
575: 1 77 182 195 593 637
576: 32 48 96 198 330 372 500
577: 82 115 167 245 389 471 560 607 614 852 903 954 996
578: 90 91 109 486 495 590 826 864
579: 145 174 257 258 296 332 348 474 498 700 711
580: 134 266 568 607 734 761 812 958 967
581: 21 171 174 228 268 278 298 557 586 627 824 849 874 978
582: 9 24 53 118 256 357 413 544 710 847 947 953 984
583: 231 381 723 821 844 902 938
584: 87 190 301 483 557 594 616 617 690 892 981
585: 110 175 368 525 565 598 639 677 690
586: 80 294 387 419 433 470 483 514 581 589 638 890 898
587: 6 251 268 726 785 802 839 853
588: 4 73 115 152 272 289 376 414 417 424 503 525 597 680 799 807 832 858 951 976
589: 0 140 370 410 586 737
590: 10 37 447 475 578 693 747 761 799
591: 48 124 283 292 319 832 899 908
592: 45 156 180 182 193 265 309 330 360 387 391 505 535 680 729 786 888
593: 108 237 367 575 616 725 769 858 997
594: 18 57 251 262 291 398 423 533 550 584 607 749 766 807 969
595: 222 395 536 561 712 722 746 753 773 826 910 933
596: 0 356 376 451 612 662 688 697 776 832 866
597: 86 188 275 357 588 674 782 794 927 951 953
598: 55 65 70 536 585 842 877
599: 175 208 430 731 975
600: 183 441 484 619 626 692 723 801 820 908 909
601: 172 449 511 691 710
602: 93 406 434 653 685 710 734 779
603: 11 21 60 412 439 488 541 637 751
604: 180 183 184 242 421 455 487 550 714 784 861 889
605: 31 78 120 255 333 465 513 627 712 739 764 909 928
606: 76 101 325 648 856
607: 113 134 142 293 342 577 580 594 657 752 766 780 898 944 964
608: 154 392 439 633 793 831 893 996
609: 193 211 222 643 676 678 739 806 906
610: 58 110 154 190 254 320 497 536 702 759 850 889
611: 123 127 152 251 418 510 547 730 799 895 911 922 954
612: 94 115 328 337 379 478 500 596 616 696 953 965
613: 186 263 266 335 346 371 562 844 958
614: 140 454 536 539 545 577 843 993
615: 69 280 461 538 672 781
616: 194 232 242 244 253 534 551 584 593 612 635 655 887 913
617: 41 81 442 476 510 560 584 666 848 916 935
618: 44 103 160 205 283 874 892 895
619: 170 203 215 306 353 393 457 465 478 538 600 802 822 933 939 976
620: 18 129 256 283 534 543 558 569 648 733 939 962
621: 187 228 417 497 814
622: 100 161 282 326 493 506 630 781 816 863 864 934 997
623: 88 190 265 302 319 322 687 712 775 800 900
624: 21 120 203 374 452 531 554 837 908 981
625: 116 166 200 395 485 536 573 630 642 718 851 872 877 961 996
626: 0 78 100 236 401 538 552 600 649 731 834 902
627: 7 150 307 339 495 505 539 564 581 605 788 812 905 949
628: 228 287 484 550 718 969
629: 50 129 202 558 679 692
630: 37 53 62 133 140 159 162 421 445 530 622 625 859 900
631: 1 44 226 244 271 482 745
632: 21 74 121 128 341 774 787 855 869 876 889 918 942 951 994
633: 101 120 172 201 263 318 399 608 685 776 843 974
634: 7 33 57 88 366 389 441 443 744 814 955
635: 57 198 363 518 616 986
636: 228 285 326 739 751 790
637: 325 472 476 520 575 603
638: 56 207 484 532 567 586 690 870 947
639: 30 57 127 194 337 504 545 585 837
640: 88 207 220 392 400 451 507 696 720 734 912
641: 66 93 229 307 686 845
642: 151 189 265 280 340 403 625 734
643: 82 122 368 476 609 653 699 985
644: 87 299 525 692 731 742 852 914
645: 68 130 361 540
646: 176 276 295 679 689 712 830 861 917
647: 129 146 223 288 553 568 700
648: 73 138 216 237 278 313 353 368 392 441 533 606 620 673 807 871
649: 94 125 251 289 303 384 626 728 841
650: 1 127 141 233 239 301 709 855 858 927 967
651: 3 12 54 309 370 573 704
652: 32 94 190 240 252 286 509 550 569 790 807 898
653: 204 234 266 271 315 390 407 602 643 680 843
654: 110 153 206 238 248 306 428 655 896
655: 321 502 616 654 799 846 861
656: 94 156 372 491 511 545 569 939
657: 107 232 415 547 552 568 607 724 743 747 940 956 995
658: 152 370 438 756 853 876 894 973
659: 84 103 105 244 491 516 665 797
660: 255 472 507 823 957
661: 67 149 175 305 380 763 828 846 903
662: 57 232 275 286 328 390 523 531 596 746 853 885
663: 51 387 486 498 679 692 709 740 764 867 946
664: 45 114 293 358 414 454 673 861 925
665: 239 287 304 365 371 450 547 659 770 774 795 855
666: 152 499 563 617 696 703 801 864 898 912
667: 124 460 488 491 567 697 871 883 941 946
668: 147 289 414 452 471 497 517 539 692 814 886 972 997
669: 250 423 520 529 565 698 836 915 953
670: 46 81 118 293 390 450 453 697 789 867 897 966
671: 91 141 343 396 569 692
672: 5 38 153 235 432 615 688 713 755 821 869 896 933 973
673: 21 176 180 270 373 533 648 664 800 856 881 968
674: 81 118 283 406 597 765 802 829 915
675: 9 16 100 189 202 373 412 527 701 839
676: 14 23 98 191 462 478 479 609 689 790 826 900 971 997
677: 193 358 466 469 585 747 759 799 804 845
678: 36 42 173 336 432 574 609 756 768 873 933
679: 126 152 260 324 361 390 467 482 486 629 646 663 947 976
680: 115 136 197 382 407 408 502 588 592 653 811 879
681: 95 154 178 230 240 284 296 447 477 554 809 938 998
682: 13 218 330 469 498 538 556 561 831
683: 173 278 340 437 524 561 728 765 844 898 900
684: 45 93 143 224 336 471 812 814 921
685: 34 57 179 192 394 415 428 454 498 513 533 602 633 759 773 901
686: 19 153 542 641 712 762 875
687: 81 110 464 549 623 875 899 987
688: 57 187 199 314 567 596 672 691 762 899 911 924 976
689: 211 336 422 425 452 514 646 676 958 959
690: 27 329 330 584 585 638 693 729 805 822 890 917
691: 357 493 518 601 688 745 756 833 903 986
692: 34 364 508 600 629 644 663 668 671 700 721 806 885
693: 85 213 225 405 515 590 690 870 887 907
694: 38 153 249 378 435 711 760 834 894 996
695: 14 259 273 299 781 828 867 888 918
696: 71 204 429 455 483 507 532 544 612 640 666 707 805
697: 76 178 271 326 403 596 667 670 789 825
698: 25 65 139 222 393 460 555 669 760 891 963
699: 113 154 179 187 203 244 264 380 643
700: 72 249 331 487 565 579 647 692
701: 177 292 307 458 495 549 675 743 788 950
702: 152 178 539 546 610 721 770 824 989
703: 100 148 186 215 321 452 477 490 666 726 834 877 913
704: 100 398 431 557 651 889 890 895 965
705: 151 380 436 457 469 474 555 780 854 952 992
706: 11 73 118 266 413 493 826 977
707: 114 138 263 266 431 464 696 764
708: 42 109 140 156 165 245 336 571 712 713 797 963
709: 403 424 425 466 650 663 821 854 894
710: 67 122 157 206 269 295 582 601 602
711: 326 365 579 694 758 773 870 941 988
712: 240 301 491 595 605 623 646 686 708 883
713: 19 97 272 342 412 672 708 817 912 966
714: 25 33 432 482 604 876 955
715: 140 144 162 169 209 213 308 413 452 480 482 904 936
716: 132 446 569 888
717: 55 353 798 954
718: 97 191 352 371 372 625 628 725 801
719: 191 292 477 826 874
720: 119 513 640 808 816 850 930
721: 29 143 328 466 553 692 702 748 753 868
722: 78 274 281 317 412 540 595 796 870 923
723: 148 191 388 450 475 535 583 600 774
724: 0 143 209 333 559 657 877 907
725: 6 88 117 377 573 593 718 790 811 838 920
726: 194 208 453 474 477 537 556 587 703 744 758
727: 137 281 324 412 741 795 856 994
728: 6 50 376 480 649 683
729: 115 402 550 592 690 970 971
730: 18 184 311 327 611 758 960
731: 19 59 171 206 215 267 561 599 626 644 740 832
732: 18 60 75 179 277 327 393 402 853
733: 56 125 203 324 456 467 558 620 784 806 821 928
734: 72 94 126 218 263 298 382 386 402 580 602 640 642 839
735: 81 170 175 184 352 410 527 558 784 824 879 919
736: 40 119 128 146 448 872
737: 95 202 257 589
738: 214 238 292 327 461 520 924 973
739: 292 605 609 636 759 786 812 965 975
740: 108 210 349 363 516 521 529 663 731 823 894 920 995
741: 12 16 17 372 410 438 562 570 571 727
742: 70 110 111 298 449 452 644 864 962 974
743: 20 139 342 350 358 393 657 701 845 941
744: 177 200 278 475 634 726 786
745: 76 86 170 275 328 374 494 500 631 691 839 876 888 893
746: 25 67 84 165 248 290 412 506 512 595 662 816 831 881 898 924
747: 404 534 590 657 677 764 871 970 996
748: 131 155 178 231 389 399 512 562 721 985
749: 30 125 179 411 440 594 860
750: 53 144 509 551 563 837 941 961 998
751: 18 95 108 146 163 321 407 433 603 636 890 940
752: 0 3 70 116 144 145 155 166 185 607 795 943
753: 15 95 189 191 239 248 254 419 429 595 721
754: 1 300 306 536 549
755: 183 235 316 420 464 510 672 854
756: 98 186 419 495 658 678 691 790
757: 19 205 232 353 364 476 504 567
758: 25 225 240 243 247 301 711 726 730
759: 59 247 394 404 610 677 685 739 877 883 961
760: 121 144 284 361 384 519 539 570 694 698 922
761: 59 114 139 228 266 314 350 460 512 580 590 793 824 900 977
762: 7 217 297 395 404 686 688 957
763: 65 158 442 467 488 661 944
764: 135 303 350 401 497 605 663 707 747 835
765: 10 44 62 126 329 362 674 683 803 864 923 955 957 964
766: 220 245 367 465 497 500 594 607 919
767: 44 98 236 905 955
768: 23 45 103 148 272 382 551 678 796 848
769: 25 226 229 242 277 287 342 347 593 877 994 995
770: 82 116 179 207 225 373 385 665 702 988
771: 355 837 927 929
772: 198 421 488 973
773: 49 285 334 438 595 685 711 884 918
774: 505 632 665 723 886 993
775: 39 70 222 270 290 323 356 463 534 623 885
776: 28 152 216 325 333 360 531 537 596 633 904 992
777: 165 365 370 478
778: 28 111 220 268 424 809 921
779: 44 122 189 562 602 837
780: 60 63 266 387 545 563 607 705 873 954
781: 99 121 304 380 481 615 622 695 814 828 911
782: 236 265 447 486 597
783: 62 102 223 290 815 831 919
784: 45 217 325 335 345 383 604 733 735
785: 22 66 236 437 485 514 587 944 982
786: 15 388 514 554 592 739 744 799 873
787: 91 144 246 292 318 380 403 412 555 632 818 875
788: 354 627 701 817 866 871 940
789: 88 302 363 392 513 670 697 791
790: 176 185 232 298 461 512 636 652 676 725 756 844 850 890
791: 9 82 88 206 239 789 797 832 847
792: 179 221 251 252 294 321 412 441 501 562 981
793: 39 86 176 184 252 298 320 335 532 541 547 608 761
794: 359 401 553 597 831 919
795: 20 58 86 319 375 438 464 567 665 727 752 867 876
796: 98 186 328 410 560 722 768 804 840 908 999
797: 482 659 708 791 913 972
798: 13 191 361 379 410 515 564 717 850 856 871 904
799: 292 401 492 535 588 590 611 655 677 786
800: 31 70 182 369 450 453 480 485 514 623 673 810 834
801: 18 54 85 133 323 338 350 361 401 431 515 600 666 718
802: 182 222 330 437 487 572 587 619 674 834 959
803: 41 102 113 180 184 188 481 517 550 765 870 960
804: 115 119 361 391 492 540 677 796 856
805: 69 80 326 337 338 364 459 504 690 696 819 821 949 979
806: 24 160 174 176 186 243 269 408 434 516 609 692 733 880 941 969
807: 27 95 128 328 355 391 588 594 648 652 831 836 937 947
808: 78 153 156 226 353 481 493 720
809: 1 88 90 103 158 321 378 517 681 778 918
810: 63 206 325 337 369 548 800 859 965
811: 22 40 283 343 461 501 506 540 680 725 872 929
812: 38 67 125 215 221 296 309 331 337 462 483 503 580 627 684 739 822 861 933 940 970
813: 11 133 209 315 410 901 992
814: 84 178 206 218 229 565 621 634 668 684 781 899 931
815: 13 24 63 228 242 260 285 515 783 837
816: 178 281 304 395 493 622 720 746 896 941 967
817: 173 179 224 344 506 514 551 569 713 788 863
818: 27 30 78 97 119 237 244 325 442 787 949
819: 35 181 234 363 364 805 823 857 932 944
820: 258 298 350 515 600 855 901
821: 4 9 13 31 63 174 346 350 464 583 672 709 733 805 856
822: 149 222 408 540 619 690 812 930 980
823: 101 131 233 337 438 504 520 660 740 819 824 839 873 889
824: 90 208 581 702 735 761 823 964
825: 85 106 232 251 375 482 532 697 852 855
826: 89 94 210 232 331 336 486 578 595 676 706 719 975 996
827: 67 363 366 469 829 932 990 993
828: 72 76 156 446 485 527 661 695 781 852 871 962
829: 68 132 264 268 302 393 493 536 674 827 891
830: 41 211 375 542 646 849 987
831: 135 149 179 304 334 375 434 442 608 682 746 783 794 807 849 889 897 975
832: 157 165 230 262 314 528 588 591 596 731 791 923
833: 186 200 272 345 362 457 691 856 898 923 940
834: 10 59 110 276 411 626 694 703 800 802 914 973
835: 230 241 329 333 405 414 485 516 764 895 927 944
836: 86 124 248 294 360 433 529 561 562 669 807
837: 177 190 254 624 639 750 771 779 815 865
838: 24 130 197 210 216 223 244 436 725 872 909 940 945
839: 124 134 306 587 675 734 745 823 863
840: 4 101 160 290 338 384 458 462 796 996
841: 28 47 113 149 264 460 461 570 649 901
842: 43 270 418 420 598 936 937 985 994
843: 16 104 116 132 165 253 350 391 445 549 614 633 653 863
844: 132 396 416 583 613 683 790 878
845: 13 198 474 641 677 743
846: 71 97 108 146 205 282 518 655 661 906 944 948
847: 242 294 299 380 422 473 516 582 791 901 916
848: 54 300 520 523 553 617 768 866 990 996
849: 24 217 326 415 581 830 831
850: 471 610 720 790 798
851: 55 314 573 625 862 881 892
852: 89 124 152 448 470 505 577 644 825 828 901
853: 150 402 558 587 658 662 732 873 907 981
854: 11 53 74 76 84 263 292 537 705 709 755 855 892 898
855: 79 124 162 198 313 332 488 632 650 665 820 825 854 868 897
856: 0 54 93 142 235 461 606 673 727 798 804 821 833 867 992
857: 64 141 223 336 361 372 416 502 523 819
858: 10 150 210 217 244 380 557 588 593 650 883
859: 3 31 75 116 182 264 440 492 508 524 630 810 895 912
860: 270 374 376 561 749
861: 107 262 427 506 528 604 646 655 664 812 875 906
862: 52 57 105 237 851 925
863: 34 44 137 237 346 432 479 622 817 839 843 879 909 942 974
864: 124 244 538 578 622 666 742 765 899 937
865: 398 430 533 837 957
866: 23 144 381 400 419 454 486 596 788 848 993
867: 68 182 187 240 249 256 270 403 497 545 663 670 695 795 856 898 951 972
868: 13 41 80 122 147 304 394 538 565 721 855 998
869: 11 141 227 262 477 505 632 672
870: 225 337 528 638 693 711 722 803
871: 104 350 648 667 747 788 798 828 920
872: 43 78 337 522 533 625 736 811 838
873: 5 136 177 249 252 266 678 780 786 823 853 924 945 958 965
874: 45 277 314 467 581 618 719
875: 183 189 196 261 268 368 369 403 447 686 687 787 861 993
876: 99 216 249 387 438 496 632 658 714 745 795
877: 50 105 125 141 351 598 625 703 724 759 769 985
878: 38 93 193 844
879: 49 383 411 512 680 735 863 897 938
880: 121 132 322 445 558 571 806
881: 13 88 219 249 385 399 501 515 673 746 851 889 891
882: 78 310 325 399 498 918 955 968
883: 70 219 325 667 712 759 858 968
884: 135 242 327 393 435 773 906 941 956 957
885: 5 16 20 187 240 300 317 387 391 543 662 692 775 989
886: 171 203 281 319 392 516 668 774
887: 121 203 383 426 450 534 616 693
888: 19 106 137 245 246 276 592 695 716 745
889: 292 332 385 410 514 553 604 610 632 704 823 831 881 893
890: 36 43 119 158 297 532 586 690 704 751 790
891: 119 222 391 498 549 565 698 829 881
892: 37 69 100 114 282 353 406 584 618 851 854 920
893: 5 6 47 415 426 457 493 608 745 889
894: 7 72 434 552 658 694 709 740
895: 101 185 291 311 361 366 375 420 548 611 618 704 835 859
896: 68 114 237 265 267 308 311 343 409 443 520 654 672 816
897: 195 210 286 462 492 670 831 855 879 965
898: 73 231 242 343 523 586 607 652 666 683 746 833 854 867 907 929
899: 48 224 313 332 591 687 688 814 864 943 950
900: 0 10 37 175 430 623 630 676 683 761
901: 62 126 367 438 524 685 813 820 841 847 852 946
902: 45 128 299 310 313 421 439 583 626 939
903: 47 149 189 219 264 283 316 383 390 432 577 661 691
904: 3 16 236 267 403 418 472 507 715 776 798 907 957 981
905: 1 5 43 77 101 169 364 373 389 427 431 627 767
906: 5 198 392 609 846 861 884
907: 259 262 272 398 426 487 538 693 724 853 898 904 911 913 958
908: 110 394 415 507 563 591 600 624 796
909: 21 27 45 299 342 415 564 573 600 605 838 863
910: 3 5 332 456 595
911: 205 412 555 611 688 781 907
912: 203 509 640 666 713 859
913: 168 215 299 302 305 367 459 616 703 797 907
914: 516 561 644 834 949
915: 288 453 460 543 669 674
916: 2 24 38 136 425 446 507 617 847 923
917: 202 340 415 442 465 646 690
918: 62 361 444 466 632 695 773 809 882
919: 13 56 278 329 464 735 766 783 794
920: 23 60 160 206 265 268 290 295 476 545 560 725 740 871 892
921: 78 151 212 306 684 778 932
922: 41 63 112 158 278 320 365 490 611 760
923: 96 165 355 360 722 765 832 833 916 980
924: 87 97 204 321 355 373 527 572 688 738 746 873 944 981
925: 315 355 376 499 560 664 862
926: 1 45 80 129 263 284
927: 238 372 597 650 771 835
928: 209 214 247 291 334 362 520 605 733
929: 175 281 286 385 476 771 811 898 956
930: 45 139 341 355 399 508 720 822
931: 68 92 179 222 232 243 329 413 519 814
932: 166 242 360 819 827 921 998
933: 270 316 365 383 471 551 595 619 672 678 812 954
934: 1 211 226 234 622 976
935: 332 562 617 974
936: 82 128 129 411 506 715 842
937: 77 117 305 384 565 807 842 864 984 990
938: 17 75 111 238 583 681 879
939: 142 182 619 620 656 902
940: 91 295 324 657 751 788 812 833 838
941: 10 92 180 308 358 415 446 499 667 711 743 750 806 816 884
942: 134 273 369 379 402 573 632 863 965
943: 11 202 270 350 532 565 752 899 951 994
944: 214 300 332 363 607 763 785 819 835 846 924 977
945: 60 506 838 873 972 992
946: 7 12 131 202 271 346 480 663 667 901 992
947: 80 132 349 362 560 574 582 638 679 807 996
948: 20 122 178 297 342 846
949: 171 273 627 805 818 914
950: 204 379 406 701 899
951: 1 4 19 65 144 182 323 416 545 570 588 597 632 867 943
952: 311 347 368 705
953: 52 155 246 253 286 494 547 582 597 612 669
954: 57 77 405 406 498 577 611 717 780 933 973
955: 98 156 167 211 281 460 634 714 765 767 882
956: 133 314 467 501 548 657 884 929
957: 38 243 262 288 538 660 762 765 865 884 904
958: 108 330 500 580 613 689 873 907 992
959: 95 119 184 272 365 382 522 689 802 969
960: 35 68 235 309 341 344 433 730 803
961: 20 86 92 160 191 307 625 750 759
962: 5 63 98 166 197 495 620 742 828
963: 61 350 393 478 517 560 698 708
964: 9 25 58 134 143 539 553 607 765 824
965: 261 277 321 407 500 612 704 739 810 873 897 942
966: 45 101 301 670 713
967: 9 50 57 151 250 269 384 386 393 474 497 564 580 650 816 974
968: 283 393 404 439 475 561 673 882 883
969: 197 215 313 420 594 628 806 959
970: 138 266 379 425 460 470 509 729 747 812
971: 34 43 56 140 277 322 359 501 522 676 729
972: 45 180 233 352 442 514 668 797 867 945
973: 91 109 168 379 521 658 672 738 772 834 954
974: 173 238 452 500 633 742 863 935 967
975: 49 218 276 297 368 390 528 534 599 739 826 831
976: 254 407 468 478 492 588 619 679 688 934
977: 38 87 160 224 244 360 568 706 761 944 987 989
978: 28 32 91 152 254 256 431 581 997
979: 195 343 374 805
980: 58 88 164 201 288 293 342 479 489 498 822 923
981: 15 188 230 448 584 624 792 853 904 924
982: 172 235 239 441 508 785
983: 242 518
984: 37 50 327 369 582 937
985: 31 302 468 643 748 842 877
986: 98 257 370 402 480 556 635 691
987: 51 84 90 206 263 265 306 457 481 687 830 977
988: 28 174 344 434 475 503 711 770
989: 85 180 207 215 244 277 308 331 367 387 442 464 702 885 977
990: 150 172 186 311 485 565 827 848 937
991: 151 182 199 231 243 260 510 547
992: 74 85 275 286 477 507 552 705 776 813 856 945 946 958
993: 129 158 192 309 614 774 827 866 875
994: 40 87 137 159 200 333 349 573 632 727 769 842 943
995: 260 471 524 657 740 769
996: 256 358 444 448 572 577 608 625 694 747 826 840 848 947
997: 62 104 500 593 622 668 676 978
998: 1 185 221 307 340 391 425 681 750 868 932
999: 100 514 796
